[gd_scene load_steps=5 format=3 uid="uid://bp6e0aywkls4b"]

[ext_resource type="PackedScene" uid="uid://bu4y4qv38mhd2" path="res://CubePiece.tscn" id="1_grq2d"]
[ext_resource type="Script" path="res://explosion_force.gd" id="1_lxr70"]
[ext_resource type="PackedScene" uid="uid://b8yejfq3fcemn" path="res://ExplosionEffect.tscn" id="3_gqjvb"]

[sub_resource type="SphereShape3D" id="SphereShape3D_3t23w"]
radius = 1.0

[node name="CubeDestroyed" type="Node3D"]

[node name="ExplosionForce" type="Area3D" parent="."]
transform = Transform3D(1, 0, 0, 0, 1, 0, 0, 0, 1, 0, -0.741505, 0)
script = ExtResource("1_lxr70")

[node name="CollisionShape3D" type="CollisionShape3D" parent="ExplosionForce"]
shape = SubResource("SphereShape3D_3t23w")

[node name="Timer" type="Timer" parent="ExplosionForce"]
wait_time = 0.1
autostart = true

[node name="Explosion" parent="." instance=ExtResource("3_gqjvb")]
transform = Transform3D(1, 0, 0, 0, 1, 0, 0, 0, 1, 0, 0.615501, 0)

[node name="CubePiece" parent="." instance=ExtResource("1_grq2d")]

[node name="CubePiece5" parent="." instance=ExtResource("1_grq2d")]
transform = Transform3D(1, 0, 0, 0, 1, 0, 0, 0, 1, -0.19921, 0, 0)

[node name="CubePiece4" parent="." instance=ExtResource("1_grq2d")]
transform = Transform3D(1, 0, 0, 0, 1, 0, 0, 0, 1, 0.19915, 0, 0)

[node name="CubePiece2" parent="." instance=ExtResource("1_grq2d")]
transform = Transform3D(1, 0, 0, 0, 1, 0, 0, 0, 1, 0, 0, 0.198401)

[node name="CubePiece3" parent="." instance=ExtResource("1_grq2d")]
transform = Transform3D(1, 0, 0, 0, 1, 0, 0, 0, 1, 0, 0, -0.196883)

[node name="CubePiece6" parent="." instance=ExtResource("1_grq2d")]
transform = Transform3D(-0.707107, 6.18172e-08, -0.707107, -8.74228e-08, -1, 0, -0.707107, 6.18172e-08, 0.707107, 0.000194262, -1.04164e-12, 8.04707e-05)

[node name="CubePiece7" parent="." instance=ExtResource("1_grq2d")]
transform = Transform3D(-0.707107, 6.18172e-08, -0.707107, -8.74228e-08, -1, 0, -0.707107, 6.18172e-08, 0.707107, 0.141057, 1.74144e-08, 0.140943)

[node name="CubePiece8" parent="." instance=ExtResource("1_grq2d")]
transform = Transform3D(-0.707107, 6.18172e-08, -0.707107, -8.74228e-08, -1, 0, -0.707107, 6.18172e-08, 0.707107, -0.140626, -1.74113e-08, -0.14074)

[node name="CubePiece9" parent="." instance=ExtResource("1_grq2d")]
transform = Transform3D(-0.707107, 6.18172e-08, -0.707107, -8.74228e-08, -1, 0, -0.707107, 6.18172e-08, 0.707107, -0.140096, -1.04164e-12, 0.140371)

[node name="CubePiece10" parent="." instance=ExtResource("1_grq2d")]
transform = Transform3D(-0.707107, 6.18172e-08, -0.707107, -8.74228e-08, -1, 0, -0.707107, 6.18172e-08, 0.707107, 0.139412, -1.04164e-12, -0.139137)

[node name="CubePiece11" parent="." instance=ExtResource("1_grq2d")]
transform = Transform3D(-0.707107, 6.18172e-08, -0.707107, -8.74228e-08, -1, 0, -0.707107, 6.18172e-08, 0.707107, 0.000194262, -1.04164e-12, 8.04707e-05)

[node name="CubePiece12" parent="." instance=ExtResource("1_grq2d")]
transform = Transform3D(-0.707107, 6.18172e-08, -0.707107, -8.74228e-08, -1, 0, -0.707107, 6.18172e-08, 0.707107, 0.141057, 1.74144e-08, 0.140943)

[node name="CubePiece13" parent="." instance=ExtResource("1_grq2d")]
transform = Transform3D(-0.707107, 6.18172e-08, -0.707107, -8.74228e-08, -1, 0, -0.707107, 6.18172e-08, 0.707107, -0.140626, -1.74113e-08, -0.14074)

[node name="CubePiece14" parent="." instance=ExtResource("1_grq2d")]
transform = Transform3D(-0.707107, 6.18172e-08, -0.707107, -8.74228e-08, -1, 0, -0.707107, 6.18172e-08, 0.707107, -0.140096, -1.04164e-12, 0.140371)

[node name="CubePiece15" parent="." instance=ExtResource("1_grq2d")]
transform = Transform3D(-0.707107, 6.18172e-08, -0.707107, -8.74228e-08, -1, 0, -0.707107, 6.18172e-08, 0.707107, 0.139412, -1.04164e-12, -0.139137)

[connection signal="timeout" from="ExplosionForce/Timer" to="ExplosionForce" method="_on_timer_timeout"]
